# oST version 5.0 parameters


[image]

width
640

height
480

[narrow_stereo]

camera matrix
521.781664 0.000000 304.499077
0.000000 523.556530 235.635729
0.000000 0.000000 1.000000

distortion
0.065358 -0.092216 0.002630 -0.004640 0.000000

rectification
1.000000 0.000000 0.000000
0.000000 1.000000 0.000000
0.000000 0.000000 1.000000

projection
527.828552 0.000000 301.529339 0.000000
0.000000 531.680786 236.714742 0.000000
0.000000 0.000000 1.000000 0.000000
