image_width: 640
image_height: 480
camera_name: narrow_stereo
camera_matrix:
  rows: 3
  cols: 3
  data: [ 521.78166,    0.     ,  304.49908,
            0.     ,  523.55653,  235.63573,
            0.     ,    0.     ,    1.     ]
distortion_model: plumb_bob
distortion_coefficients:
  rows: 1
  cols: 5
  data: [0.065358, -0.092216, 0.002630, -0.004640, 0.000000]
rectification_matrix:
  rows: 3
  cols: 3
  data: [ 1.,  0.,  0.,
          0.,  1.,  0.,
          0.,  0.,  1.]
projection_matrix:
  rows: 3
  cols: 4
  data: [ 527.82855,    0.     ,  301.52934,    0.     ,
            0.     ,  531.68079,  236.71474,    0.     ,
            0.     ,    0.     ,    1.     ,    0.     ]
